250 3024
1 7
1 12
1 14
1 23
1 26
1 43
1 58
1 66
1 82
1 93
1 94
1 103
1 104
1 112
1 115
1 123
1 124
1 131
1 132
1 138
1 143
1 146
1 150
1 172
1 186
1 190
1 192
1 199
1 207
1 217
1 227
1 232
1 239
1 247
2 6
2 21
2 55
2 56
2 61
2 69
2 80
2 90
2 91
2 98
2 100
2 115
2 122
2 123
2 154
2 165
2 168
2 172
2 193
2 206
2 223
2 233
2 234
2 241
2 248
2 250
3 4
3 6
3 8
3 17
3 23
3 34
3 45
3 46
3 53
3 59
3 100
3 105
3 107
3 114
3 118
3 125
3 134
3 136
3 139
3 142
3 144
3 156
3 168
3 176
3 195
3 203
3 217
3 218
3 229
3 230
3 238
4 13
4 19
4 28
4 78
4 79
4 86
4 118
4 123
4 124
4 127
4 137
4 163
4 167
4 182
4 197
4 235
4 240
4 246
5 11
5 16
5 20
5 23
5 35
5 41
5 44
5 47
5 49
5 50
5 54
5 57
5 61
5 62
5 80
5 89
5 148
5 171
5 190
5 195
5 199
5 233
5 240
5 249
6 7
6 11
6 18
6 29
6 41
6 56
6 60
6 65
6 66
6 72
6 79
6 91
6 99
6 114
6 115
6 118
6 121
6 173
6 174
6 180
6 187
6 192
6 195
6 204
6 211
6 232
6 234
6 249
6 250
7 10
7 14
7 16
7 56
7 60
7 85
7 90
7 101
7 102
7 114
7 117
7 136
7 138
7 156
7 158
7 191
7 196
7 216
7 231
7 240
7 245
8 13
8 15
8 20
8 26
8 31
8 39
8 45
8 55
8 59
8 61
8 73
8 76
8 119
8 126
8 156
8 163
8 164
8 201
8 219
8 220
8 230
8 231
8 238
8 245
9 21
9 34
9 42
9 67
9 72
9 118
9 124
9 127
9 129
9 146
9 158
9 168
9 175
9 176
9 181
9 184
9 188
9 194
9 195
9 228
9 232
9 233
9 236
9 238
9 244
10 37
10 45
10 55
10 76
10 90
10 92
10 97
10 101
10 108
10 116
10 122
10 137
10 202
10 209
10 215
10 224
11 14
11 23
11 35
11 38
11 60
11 61
11 72
11 74
11 110
11 124
11 129
11 153
11 178
11 199
11 201
11 206
11 210
11 223
11 237
11 242
11 248
12 16
12 18
12 48
12 66
12 71
12 74
12 93
12 97
12 100
12 121
12 127
12 148
12 158
12 159
12 165
12 174
12 176
12 183
12 196
12 233
12 242
13 21
13 34
13 39
13 43
13 66
13 69
13 74
13 75
13 90
13 91
13 95
13 97
13 111
13 116
13 118
13 128
13 132
13 135
13 151
13 161
13 177
13 194
13 202
13 214
13 216
13 218
13 241
13 245
13 249
13 250
14 19
14 54
14 81
14 102
14 143
14 148
14 160
14 161
14 164
14 170
14 171
14 178
14 183
14 196
14 198
14 212
14 213
14 214
14 222
14 226
14 227
14 243
15 35
15 38
15 66
15 95
15 137
15 139
15 153
15 156
15 157
15 162
15 167
15 172
15 187
15 194
15 220
15 231
15 241
15 250
16 29
16 43
16 50
16 51
16 57
16 75
16 81
16 84
16 102
16 110
16 114
16 124
16 125
16 137
16 139
16 141
16 142
16 149
16 150
16 184
16 189
16 195
16 201
16 246
17 18
17 39
17 56
17 58
17 64
17 65
17 70
17 74
17 105
17 109
17 125
17 129
17 130
17 139
17 141
17 146
17 157
17 169
17 172
17 176
17 184
17 204
17 217
17 229
17 238
17 240
18 23
18 34
18 41
18 50
18 89
18 107
18 108
18 123
18 140
18 154
18 175
18 211
18 216
19 27
19 33
19 41
19 50
19 55
19 59
19 66
19 73
19 75
19 90
19 97
19 110
19 114
19 123
19 140
19 146
19 167
19 169
19 190
19 195
19 198
19 211
19 223
19 226
19 237
19 239
20 39
20 42
20 48
20 59
20 72
20 77
20 99
20 116
20 136
20 137
20 146
20 157
20 163
20 169
20 175
20 178
20 181
20 201
20 204
20 205
20 212
21 22
21 35
21 55
21 63
21 73
21 87
21 88
21 89
21 101
21 102
21 107
21 170
21 205
21 213
21 225
22 34
22 35
22 44
22 50
22 54
22 56
22 61
22 62
22 66
22 69
22 73
22 94
22 98
22 104
22 108
22 116
22 125
22 144
22 147
22 152
22 199
22 207
22 209
22 215
22 220
22 235
22 238
22 245
23 33
23 36
23 37
23 51
23 54
23 57
23 88
23 90
23 103
23 107
23 122
23 138
23 147
23 153
23 182
23 197
23 198
23 205
23 216
23 219
23 225
23 232
24 31
24 45
24 55
24 65
24 76
24 89
24 108
24 116
24 118
24 121
24 134
24 139
24 160
24 167
24 171
24 173
24 174
24 177
24 187
24 214
24 219
24 232
24 236
24 238
24 244
24 247
25 31
25 46
25 55
25 56
25 63
25 85
25 104
25 112
25 118
25 145
25 147
25 150
25 169
25 174
25 186
25 187
25 198
25 222
25 232
25 247
26 30
26 75
26 83
26 99
26 105
26 113
26 116
26 117
26 122
26 141
26 142
26 145
26 161
26 164
26 170
26 173
26 179
26 182
26 193
26 195
26 196
26 201
26 213
26 241
26 242
26 249
27 39
27 41
27 89
27 92
27 98
27 103
27 119
27 122
27 139
27 145
27 148
27 157
27 158
27 168
27 169
27 187
27 221
27 239
27 241
27 249
28 31
28 98
28 101
28 118
28 119
28 123
28 128
28 145
28 180
28 190
28 191
28 210
28 211
28 217
28 228
28 232
28 242
28 247
29 68
29 86
29 97
29 100
29 121
29 125
29 153
29 157
29 158
29 161
29 188
29 189
29 190
29 194
29 196
29 199
29 201
29 207
29 208
29 211
29 217
29 218
29 237
29 248
30 32
30 58
30 73
30 87
30 90
30 97
30 98
30 103
30 105
30 108
30 115
30 118
30 120
30 142
30 179
30 182
30 207
30 208
30 223
30 231
31 36
31 60
31 76
31 84
31 120
31 126
31 133
31 136
31 159
31 173
31 176
31 196
31 234
32 48
32 51
32 70
32 76
32 84
32 121
32 140
32 154
32 158
32 162
32 193
32 194
32 200
32 213
32 216
32 222
32 236
32 246
33 37
33 40
33 41
33 59
33 63
33 69
33 85
33 96
33 105
33 116
33 140
33 156
33 190
33 231
33 233
33 241
33 249
34 36
34 52
34 60
34 71
34 80
34 81
34 84
34 89
34 97
34 115
34 118
34 120
34 126
34 130
34 131
34 138
34 146
34 161
34 165
34 179
34 209
34 210
34 211
34 225
35 52
35 57
35 58
35 74
35 100
35 115
35 142
35 143
35 146
35 147
35 151
35 161
35 172
35 185
35 189
35 193
35 194
35 198
35 200
35 201
35 208
35 215
35 220
35 232
35 242
35 245
36 43
36 50
36 53
36 54
36 55
36 61
36 67
36 78
36 115
36 123
36 133
36 141
36 146
36 155
36 165
36 175
36 196
36 208
36 229
37 44
37 48
37 67
37 82
37 93
37 96
37 101
37 116
37 117
37 120
37 134
37 143
37 147
37 150
37 152
37 162
37 166
37 177
37 178
37 186
37 195
37 198
37 205
37 220
37 228
37 244
37 246
38 44
38 53
38 54
38 56
38 62
38 68
38 71
38 89
38 106
38 116
38 143
38 152
38 153
38 169
38 171
38 185
38 195
38 200
38 231
38 242
38 246
38 248
39 55
39 58
39 59
39 63
39 64
39 82
39 85
39 102
39 104
39 111
39 118
39 146
39 158
39 166
39 176
39 201
39 207
39 247
39 250
40 58
40 90
40 99
40 107
40 118
40 119
40 120
40 147
40 148
40 160
40 166
40 185
40 188
40 195
40 211
40 225
40 230
40 237
40 241
41 61
41 70
41 79
41 84
41 90
41 100
41 108
41 114
41 115
41 138
41 151
41 162
41 187
41 194
41 201
41 225
41 242
42 74
42 87
42 107
42 149
42 161
42 195
42 200
42 201
42 202
42 216
42 222
42 223
42 231
42 238
42 241
42 248
42 249
43 53
43 57
43 61
43 62
43 69
43 78
43 80
43 106
43 114
43 127
43 133
43 170
43 172
43 190
43 198
43 200
43 203
43 205
43 209
43 211
43 215
43 216
43 218
43 234
43 236
43 248
44 52
44 60
44 64
44 68
44 82
44 84
44 103
44 147
44 159
44 178
44 184
44 202
44 222
44 224
44 234
44 242
44 247
44 249
45 56
45 61
45 62
45 72
45 82
45 85
45 89
45 106
45 109
45 122
45 182
45 194
45 204
45 211
45 214
45 217
45 238
46 49
46 54
46 56
46 78
46 80
46 93
46 99
46 101
46 105
46 113
46 120
46 129
46 134
46 135
46 137
46 151
46 160
46 173
46 174
46 181
46 189
46 191
46 198
46 225
46 237
46 241
47 54
47 80
47 84
47 90
47 99
47 104
47 126
47 129
47 134
47 136
47 149
47 153
47 158
47 169
47 178
47 193
47 199
47 204
47 208
47 212
48 61
48 62
48 66
48 127
48 130
48 139
48 140
48 143
48 149
48 166
48 171
48 182
48 188
48 192
48 212
48 229
48 247
48 248
49 58
49 67
49 94
49 97
49 108
49 133
49 187
49 193
49 202
49 214
49 228
49 239
49 246
50 51
50 55
50 62
50 104
50 105
50 116
50 135
50 155
50 159
50 179
50 181
50 183
50 188
50 212
50 219
50 242
50 250
51 52
51 80
51 85
51 94
51 95
51 120
51 121
51 123
51 148
51 162
51 175
51 204
51 214
51 218
51 237
51 241
51 247
52 66
52 69
52 72
52 73
52 76
52 83
52 89
52 94
52 98
52 113
52 136
52 160
52 176
52 202
52 207
52 213
52 232
52 241
52 243
53 56
53 57
53 59
53 63
53 77
53 84
53 96
53 112
53 116
53 150
53 160
53 164
53 166
53 186
53 191
53 197
53 211
53 215
53 227
53 237
53 242
54 66
54 74
54 79
54 108
54 125
54 129
54 137
54 142
54 170
54 180
54 182
54 198
54 201
54 214
55 68
55 85
55 96
55 112
55 118
55 121
55 125
55 140
55 143
55 152
55 164
55 178
55 180
55 192
55 197
55 234
56 62
56 78
56 85
56 114
56 146
56 157
56 167
56 203
56 204
56 206
56 227
57 59
57 60
57 68
57 79
57 82
57 95
57 106
57 109
57 112
57 116
57 133
57 134
57 143
57 144
57 161
57 171
57 209
57 210
57 220
57 225
57 228
57 235
57 250
58 67
58 83
58 88
58 91
58 99
58 109
58 113
58 117
58 125
58 130
58 155
58 163
58 168
58 187
58 193
58 207
58 209
58 230
58 237
58 238
58 239
58 240
59 66
59 71
59 87
59 93
59 98
59 118
59 120
59 123
59 130
59 136
59 171
59 174
59 209
59 215
59 221
59 233
60 64
60 73
60 83
60 89
60 103
60 114
60 117
60 119
60 123
60 144
60 146
60 162
60 165
60 168
60 171
60 172
60 190
60 206
60 239
60 244
61 62
61 78
61 91
61 92
61 101
61 104
61 105
61 107
61 111
61 122
61 134
61 140
61 161
61 176
61 207
61 218
61 219
61 240
61 243
61 244
61 245
62 73
62 74
62 99
62 111
62 120
62 123
62 131
62 139
62 149
62 159
62 172
62 181
62 195
62 206
62 208
62 209
62 218
62 231
62 234
62 241
63 71
63 91
63 93
63 115
63 122
63 131
63 142
63 148
63 151
63 152
63 154
63 156
63 166
63 169
63 178
63 187
63 195
63 209
63 210
63 223
63 245
64 79
64 84
64 88
64 101
64 110
64 113
64 115
64 121
64 132
64 141
64 161
64 197
64 208
64 220
64 241
64 247
65 82
65 96
65 97
65 106
65 126
65 134
65 136
65 162
65 170
65 182
65 199
65 233
65 242
65 244
66 72
66 77
66 78
66 88
66 90
66 102
66 107
66 110
66 111
66 125
66 132
66 148
66 166
66 168
66 171
66 181
66 196
66 221
66 222
66 227
66 238
66 240
67 72
67 79
67 80
67 83
67 101
67 103
67 104
67 107
67 117
67 144
67 145
67 163
67 181
67 188
67 193
67 206
67 231
67 235
67 243
68 88
68 98
68 102
68 105
68 120
68 158
68 182
68 186
68 206
68 222
68 223
68 240
68 245
69 71
69 72
69 87
69 88
69 99
69 123
69 137
69 141
69 142
69 145
69 152
69 154
69 168
69 182
69 187
69 189
69 203
69 214
69 218
69 230
69 232
69 235
69 237
69 242
69 243
70 74
70 79
70 80
70 83
70 89
70 100
70 125
70 127
70 135
70 178
70 196
70 202
70 208
70 216
70 242
71 73
71 75
71 81
71 93
71 95
71 97
71 110
71 117
71 121
71 150
71 153
71 161
71 199
71 206
71 234
71 236
71 244
72 77
72 84
72 85
72 103
72 134
72 138
72 139
72 166
72 179
72 180
72 182
72 197
72 199
72 207
72 211
72 214
72 219
72 225
73 79
73 100
73 107
73 133
73 139
73 147
73 151
73 163
73 167
73 170
73 171
73 190
73 207
73 217
73 236
73 238
73 243
74 77
74 83
74 86
74 91
74 98
74 107
74 135
74 143
74 147
74 149
74 155
74 168
74 176
74 177
74 189
74 194
74 203
74 214
74 233
74 234
74 235
74 247
74 248
75 99
75 147
75 148
75 150
75 166
75 179
75 182
75 190
75 201
75 207
75 231
75 238
76 85
76 89
76 95
76 98
76 102
76 108
76 109
76 145
76 167
76 182
76 191
76 192
76 194
76 203
76 235
76 248
77 93
77 94
77 103
77 110
77 143
77 169
77 171
77 175
77 230
77 232
78 91
78 102
78 105
78 110
78 111
78 113
78 126
78 139
78 143
78 145
78 187
78 188
78 195
78 202
78 204
78 214
78 222
78 242
78 243
78 250
79 88
79 93
79 109
79 123
79 128
79 132
79 134
79 140
79 172
79 174
79 183
79 212
79 217
79 228
80 95
80 117
80 150
80 163
80 169
80 187
80 193
80 205
80 206
80 213
80 215
80 227
80 228
80 238
80 249
81 84
81 90
81 94
81 110
81 131
81 133
81 138
81 152
81 164
81 166
81 171
81 176
81 200
81 208
81 214
81 221
81 225
81 235
82 92
82 116
82 156
82 166
82 184
82 187
82 198
82 200
82 207
82 208
82 213
82 215
82 217
82 224
82 233
83 107
83 145
83 148
83 168
83 175
83 184
83 195
83 211
83 248
84 103
84 107
84 149
84 161
84 176
84 177
84 183
84 197
84 208
84 223
84 227
84 236
84 238
84 239
84 245
84 247
85 89
85 98
85 110
85 116
85 122
85 161
85 162
85 171
85 186
85 240
85 243
86 89
86 97
86 104
86 106
86 107
86 112
86 113
86 119
86 123
86 131
86 146
86 164
86 166
86 174
86 184
86 185
86 193
86 195
86 209
86 224
86 228
86 240
86 244
87 92
87 100
87 127
87 133
87 136
87 141
87 142
87 150
87 153
87 161
87 164
87 178
87 179
87 185
87 189
87 195
87 197
87 199
87 207
87 224
87 227
87 236
87 239
87 245
88 93
88 108
88 128
88 132
88 138
88 154
88 157
88 168
88 171
88 198
88 206
88 216
88 217
88 227
88 234
89 92
89 124
89 126
89 143
89 174
89 181
89 186
89 193
89 196
89 218
89 230
89 241
89 242
89 250
90 102
90 106
90 109
90 119
90 128
90 147
90 156
90 174
90 177
90 194
90 199
90 221
90 233
90 234
90 238
90 240
90 250
91 98
91 106
91 107
91 112
91 113
91 122
91 123
91 125
91 126
91 128
91 137
91 166
91 167
91 173
91 187
91 194
91 200
91 202
91 207
91 210
91 214
91 218
91 220
91 234
91 238
91 249
92 100
92 102
92 110
92 112
92 134
92 140
92 146
92 155
92 165
92 172
92 173
92 191
92 195
92 196
92 198
92 211
92 214
92 235
92 236
93 128
93 131
93 152
93 153
93 161
93 169
93 174
93 184
93 190
93 195
93 196
93 200
93 210
93 221
93 224
93 247
93 250
94 112
94 132
94 144
94 146
94 150
94 168
94 176
94 189
94 210
94 214
94 233
94 250
95 101
95 109
95 129
95 134
95 135
95 160
95 195
95 197
95 230
96 98
96 101
96 110
96 112
96 120
96 125
96 128
96 130
96 132
96 135
96 142
96 147
96 161
96 172
96 179
96 180
96 181
96 202
96 209
96 216
96 218
97 103
97 122
97 141
97 167
97 177
97 184
97 190
97 205
97 216
97 224
97 238
97 243
98 107
98 108
98 112
98 120
98 127
98 140
98 144
98 147
98 148
98 152
98 160
98 230
98 249
98 250
99 115
99 130
99 139
99 147
99 159
99 171
99 179
99 197
99 200
99 207
99 209
99 211
99 238
100 106
100 122
100 129
100 130
100 147
100 151
100 152
100 218
100 222
100 246
101 113
101 115
101 127
101 128
101 129
101 135
101 137
101 140
101 149
101 171
101 176
101 192
101 201
101 216
101 221
101 225
101 231
101 232
102 121
102 132
102 135
102 154
102 162
102 170
102 172
102 190
102 217
102 240
102 243
103 109
103 111
103 138
103 146
103 176
103 178
103 188
103 193
103 197
103 198
103 222
103 227
103 229
103 234
103 237
103 238
104 122
104 126
104 130
104 159
104 201
104 205
104 221
104 232
104 250
105 138
105 141
105 144
105 162
105 169
105 189
105 190
105 199
105 216
105 219
105 222
105 231
105 238
105 241
105 242
106 108
106 114
106 129
106 154
106 157
106 175
106 184
106 226
107 108
107 111
107 116
107 118
107 122
107 123
107 125
107 160
107 175
107 188
107 191
107 192
107 195
107 223
107 237
107 242
107 244
108 127
108 142
108 146
108 150
108 153
108 185
108 196
108 198
108 201
108 205
108 211
108 221
108 228
108 240
108 248
109 151
109 155
109 158
109 172
109 175
109 178
109 179
109 182
109 198
109 222
109 224
109 244
109 247
110 114
110 131
110 133
110 144
110 149
110 150
110 170
110 193
110 218
110 225
110 229
110 234
111 126
111 136
111 157
111 163
111 169
111 208
111 220
111 225
111 231
111 238
111 248
112 126
112 133
112 142
112 156
112 160
112 163
112 190
112 192
112 211
112 217
112 229
113 123
113 130
113 136
113 140
113 149
113 150
113 155
113 166
113 180
113 183
113 188
113 227
113 228
113 239
113 243
113 250
114 129
114 133
114 170
114 192
114 196
114 213
114 221
114 228
114 231
114 240
114 243
115 123
115 130
115 131
115 135
115 136
115 143
115 146
115 150
115 156
115 168
115 217
115 220
115 226
115 232
115 245
115 249
116 117
116 129
116 139
116 141
116 153
116 155
116 162
116 165
116 167
116 173
116 182
116 183
116 216
116 219
116 225
116 228
116 236
117 134
117 135
117 137
117 198
117 205
117 206
117 213
117 216
117 223
117 232
117 235
117 247
117 248
118 121
118 136
118 144
118 145
118 149
118 153
118 169
118 185
118 189
118 190
118 195
118 201
118 208
118 228
118 230
119 125
119 138
119 147
119 150
119 171
119 176
119 204
119 212
119 249
120 127
120 146
120 153
120 162
120 180
120 188
120 203
120 208
120 216
120 235
120 244
120 247
121 128
121 139
121 181
121 199
121 203
121 212
121 213
121 222
121 234
122 143
122 157
122 159
122 172
122 186
122 187
122 207
122 218
122 230
122 237
122 244
122 247
122 250
123 129
123 132
123 133
123 136
123 142
123 148
123 149
123 154
123 158
123 169
123 194
123 223
123 241
123 245
123 249
124 130
124 151
124 183
124 184
124 201
124 213
124 217
124 234
124 245
125 129
125 137
125 156
125 179
125 181
125 187
125 196
125 206
125 217
125 234
125 247
125 248
126 135
126 148
126 157
126 179
126 217
126 235
127 129
127 130
127 132
127 144
127 176
127 182
127 185
127 191
127 198
127 202
127 204
127 216
127 225
127 226
127 235
127 248
127 250
128 145
128 161
128 177
128 179
128 183
128 189
128 193
128 233
128 237
128 243
128 245
128 250
129 135
129 144
129 149
129 162
129 163
129 168
129 179
129 188
129 192
129 199
129 211
129 213
129 222
129 248
130 137
130 149
130 155
130 160
130 171
130 174
130 177
130 187
130 190
130 203
130 212
130 222
130 223
130 239
131 132
131 134
131 144
131 156
131 170
131 187
131 193
131 196
131 197
131 200
131 223
131 224
131 234
131 248
132 138
132 144
132 152
132 155
132 165
132 217
132 219
132 227
132 230
132 242
132 247
133 139
133 146
133 163
133 167
133 172
133 175
133 178
133 183
133 188
133 190
133 192
133 203
133 207
133 212
133 221
133 223
133 227
133 238
134 142
134 171
134 179
134 189
134 193
134 199
134 208
134 213
134 233
134 242
134 244
134 248
134 250
135 163
135 166
135 177
135 183
135 191
135 192
135 207
135 227
135 228
135 244
136 170
136 186
136 191
136 225
136 240
136 241
137 142
137 144
137 146
137 175
137 179
137 180
137 189
137 201
137 202
137 217
137 241
138 145
138 153
138 156
138 172
138 179
138 180
138 183
138 187
138 188
138 196
138 200
138 219
138 229
138 232
139 140
139 141
139 144
139 151
139 168
139 173
139 178
139 180
139 181
139 189
139 190
139 195
139 204
139 216
139 223
139 225
139 226
139 231
139 244
140 148
140 149
140 150
140 161
140 170
140 186
140 190
140 211
140 220
140 221
140 222
140 230
140 234
140 243
141 155
141 168
141 170
141 181
141 191
141 196
141 205
141 215
141 226
141 236
142 183
142 189
142 221
142 227
142 228
142 238
142 241
142 245
143 147
143 150
143 158
143 160
143 167
143 182
143 193
143 196
143 211
143 220
143 227
143 230
143 231
143 241
143 245
144 199
144 205
144 209
144 227
144 241
144 247
144 248
145 148
145 166
145 168
145 176
145 185
145 201
145 208
145 222
145 223
145 226
146 172
146 174
146 176
146 179
146 206
146 242
147 151
147 153
147 174
147 181
147 188
147 195
147 213
147 229
147 233
147 239
147 242
147 248
148 149
148 154
148 156
148 172
148 175
148 180
148 184
148 204
148 221
148 225
148 226
148 233
148 234
148 242
148 245
149 159
149 160
149 163
149 184
149 185
149 201
149 208
149 210
149 212
149 227
149 247
150 161
150 189
150 198
150 203
150 205
150 214
150 224
150 230
150 234
150 242
150 248
150 249
151 174
151 184
151 199
151 204
151 206
151 213
151 220
151 229
151 235
151 240
151 241
151 243
151 244
152 174
152 192
152 193
152 196
152 201
152 205
152 208
152 211
152 216
152 217
152 218
152 221
152 239
152 246
152 248
153 157
153 161
153 164
153 174
153 180
153 217
153 221
153 235
153 242
153 245
153 249
154 161
154 165
154 176
154 189
154 190
154 194
154 197
154 200
154 210
154 226
154 236
154 242
154 245
154 250
155 175
155 179
155 190
155 204
155 217
155 218
155 227
155 239
156 165
156 199
156 238
157 166
157 169
157 187
157 189
157 199
157 211
157 230
157 240
157 247
158 163
158 165
158 170
158 176
158 178
158 180
158 198
158 202
158 210
158 219
158 239
158 242
159 163
159 176
159 197
159 200
159 213
159 216
159 219
159 227
159 230
159 240
159 241
159 246
159 247
160 171
160 182
160 194
160 197
160 209
160 237
161 164
161 167
161 174
161 185
161 188
161 197
161 222
162 171
162 193
162 198
162 200
162 213
162 220
162 225
162 231
163 195
163 196
163 212
163 219
163 224
163 229
163 231
163 233
163 240
163 246
164 204
164 214
164 217
165 169
165 187
165 203
165 218
165 232
165 233
165 236
165 243
166 170
166 184
166 187
166 208
166 215
166 227
166 242
166 244
167 172
167 175
167 178
167 194
167 204
167 210
167 228
167 241
167 243
167 246
167 248
168 176
168 177
168 213
168 222
168 241
169 170
169 172
169 177
169 191
169 192
169 194
169 203
169 210
170 197
170 225
170 239
170 241
170 246
170 249
171 178
171 188
171 205
171 209
171 213
171 215
171 216
171 218
171 227
171 230
171 244
171 246
171 249
172 174
172 180
172 186
172 196
172 210
172 227
172 232
172 239
173 176
173 188
173 197
173 218
173 223
173 244
173 248
174 178
174 180
174 181
174 185
174 196
174 201
174 215
174 216
174 238
174 241
174 243
175 176
175 194
175 202
175 204
175 211
175 225
175 233
175 242
175 250
176 185
176 215
176 216
176 222
176 235
176 238
176 243
176 247
177 179
177 186
177 194
177 203
177 204
177 209
177 221
177 224
177 237
178 183
178 214
178 240
178 242
179 185
179 219
179 221
179 234
180 194
180 207
180 227
180 233
180 237
180 244
181 191
181 192
181 210
181 231
181 233
181 237
181 239
181 240
181 245
182 197
182 214
182 227
182 233
183 184
183 185
183 191
183 195
183 199
183 202
183 226
183 240
183 243
184 189
184 208
184 213
184 214
184 230
184 233
185 190
185 207
185 229
185 230
185 232
185 237
185 243
186 201
186 212
186 218
186 224
186 235
186 241
186 248
187 196
187 209
187 212
187 213
187 222
187 226
187 227
187 232
188 201
188 202
188 221
189 205
189 207
189 211
189 221
190 192
190 202
191 201
191 208
191 210
191 222
191 249
192 210
192 215
192 240
192 247
193 198
193 208
193 210
193 211
193 219
193 221
193 227
193 244
194 198
194 201
194 222
194 224
194 233
194 235
194 243
195 206
196 206
196 228
196 241
197 222
197 237
197 245
198 207
198 210
198 221
198 222
198 235
199 208
199 213
199 218
199 220
199 232
199 246
200 206
200 207
200 213
200 238
200 246
201 217
202 208
202 210
202 220
202 232
202 243
203 218
203 222
203 226
203 235
204 209
204 234
204 243
204 245
204 248
205 233
206 220
206 228
206 231
206 242
207 219
207 224
207 233
207 239
207 243
207 245
208 212
208 243
209 228
209 237
210 220
210 227
210 233
211 212
211 223
211 236
211 238
211 242
212 221
212 226
212 231
212 235
212 242
212 246
213 215
213 219
213 241
214 234
214 238
214 245
214 250
215 217
215 222
215 237
215 247
216 218
216 228
216 236
216 245
217 225
217 228
217 245
217 246
218 228
218 234
219 220
219 237
219 240
219 248
219 249
220 237
220 239
220 240
221 223
221 226
221 227
221 228
221 233
221 235
221 236
221 241
222 224
222 227
222 236
222 244
223 226
223 245
223 250
224 231
224 234
224 244
224 248
226 230
226 234
226 239
227 228
228 230
229 243
229 245
230 240
230 249
231 241
231 243
231 248
232 235
233 240
233 244
234 235
236 237
236 244
236 250
239 243
240 241
242 243
249 250
