10
1
5
7
10
1
1
9
4
1
2
7
5
3
2
8
4
8
3
7
3
4
3
4
1
9
5
10
6
6
4
5
2
9
5
2
1
1
9
9
4
2
2
5
2
9
4
5
7
2
6
3
6
4
8
10
6
8
3
1
3
6
4
2
6
6
2
10
3
4
5
6
5
1
1
8
9
7
7
3
9
8
4
4
7
8
8
5
1
2
1
4
7
8
5
1
5
1
2
7
4
7
5
8
7
2
2
5
7
2
1
1
3
1
8
3
7
4
2
5
8
9
3
2
6
1
8
9
2
3
2
7
4
7
2
9
8
5
7
2
5
9
6
4
6
3
4
6
7
6
2
8
5
3
6
5
6
7
7
8
7
4
9
2
1
2
6
2
6
4
10
4
6
3
7
6
2
8
9
9
4
8
1
8
5
1
7
5
2
3
4
2
2
6
5
3
3
2
3
4
1
1
1
3
4
8
2
2
9
10
9
2
8
7
6
8
6
2
8
3
7
4
1
6
6
3
1
3
5
4
6
5
8
3
3
6
3
9
5
4
4
1
1
3
7
1
3
5
8
7
4
