157
105
14
61
51
29
21
57
69
82
32
30
21
32
61
78
69
97
143
19
54
26
2
11
98
22
67
35
104
14
41
27
63
22
52
88
150
41
93
40
33
15
49
46
47
6
16
53
131
111
26
38
33
23
4
29
103
7
18
48
20
62
157
80
148
38
26
12
44
45
110
26
57
88
8
98
42
9
41
13
125
84
113
103
10
37
10
4
11
95
122
102
82
16
126
111
88
50
31
103
55
89
62
54
43
125
100
43
80
71
21
19
47
132
85
28
13
139
117
52
116
117
96
6
135
156
100
2
84
7
70
21
56
124
28
34
87
1
49
47
3
61
106
115
43
45
17
8
145
93
53
35
66
30
109
63
36
1
154
24
76
112
112
58
11
140
70
110
70
89
50
74
120
18
114
94
90
115
43
85
53
90
25
24
79
13
144
147
119
71
155
146
128
48
63
113
127
20
54
54
101
111
130
141
37
98
66
36
48
16
34
51
78
5
102
74
153
38
110
99
109
59
69
131
90
104
123
46
55
49
40
142
17
97
44
64
25
51
116
97
92
121
56
4
122
84
41
14
55
121
75
58
137
94
51
123
52
73
15
93
75
86
83
18
29
76
31
108
7
91
76
91
27
37
17
67
3
87
67
39
30
5
44
12
107
56
2
72
102
24
23
47
66
3
101
13
127
79
72
5
116
145
77
20
68
81
5
138
28
6
32
52
146
9
10
80
147
132
15
68
60
39
137
24
33
81
95
34
109
65
107
152
142
74
36
96
14
37
16
83
28
96
106
68
81
62
27
4
65
100
119
63
50
11
73
141
17
105
127
7
106
114
1
126
69
18
139
40
81
67
40
90
55
140
118
3
22
134
130
59
25
73
46
58
20
1
77
46
82
122
72
108
124
121
85
39
15
49
89
101
64
71
144
22
30
104
45
88
57
36
12
42
86
143
87
119
114
99
78
30
75
94
86
10
39
53
77
48
92
129
8
118
92
128
129
45
42
66
23
57
8
60
84
79
12
95
130
136
126
74
149
83
35
108
117
25
9
9
59
99
2
59
60
44
120
133
118
5
112
34
23
138
6
98
62
19
107
50
80
94
19
64
65
10
134
64
135
68
35
91
29
136
120
31
42
27
151
82
58
133
31
